100 100
2 31507
9 23351
18 19121
19 21309
22 15867
27 22231
38 20815
42 17933
48 34101
54 28641
77 9545
93 22451
106 21855
130 8615
136 20863
162 1381
163 24679
171 32103
173 8399
176 21215
201 2335
208 36473
211 1119
222 11327
232 17449
257 27939
259 39669
260 19243
267 14463
271 16775
286 13613
291 22561
312 20799
319 17291
329 10209
331 22659
350 11571
364 37125
375 34333
378 17781
379 35599
392 1069
398 18525
402 91668
404 34295
406 18583
414 2205
416 4229
418 8185
427 9511
430 26315
433 7155
440 22287
445 18263
475 17809
476 21325
487 17117
493 14327
500 36025
507 25319
517 15287
522 19795
526 2941
527 39913
547 22121
555 8377
567 31915
578 3937
626 18227
647 10893
651 869
655 23055
664 20465
675 35307
679 8667
689 10905
736 39855
745 19055
747 32025
753 8421
754 8803
782 5693
799 27071
820 6365
832 37477
852 5773
853 665
867 34859
869 1969
877 8469
878 26637
889 24229
892 35811
911 30671
929 8181
942 17909
947 30949
954 38447
981 8795
999 33527
